Predictions for J/psi photo-production, from N. Armesto and A. H. Rezaeian, arXiv:1402.4831. 

-----------------------------
The results of two saturation models (IP-Sat and b-CGC), constrained by the HERA combined data, assuming a charm mass 1.27 GeV. 
-----------------------------
The below data are obtained by using the IP-Sat model (shown in Fig. 2 in arXiv:1402.4831).  
W_gamma-p[GeV], sigma [nb]  

20 24.281559
120 93.577266
220 140.60229
320 178.82473
420 211.90661
520 241.17052
620 268.328
720 293.05052
820 316.14266
920 337.96155
1020 358.61882
1120 378.20722
1220 396.844
1320 414.76463
1420 431.92273
1520 448.44082
1620 464.38695
1720 479.84701
1820 494.77422
1920 509.28534
2020 523.39069
2120 537.11398
2220 550.49272
2320 562.91982
2420 576.1922
2520 588.63648
2620 600.75516
2720 612.63694
2820 624.31453
2920 635.06616
3020 646.8816
3120 657.88772
3220 668.6078
3320 679.23475
3420 689.57661
3520 699.84169
3620 709.84587
3720 719.78238
3820 729.47209
3920 739.10489
4020 748.50639
4120 757.089
4220 767.00134
4320 776.00118
4420 784.97608
4520 793.74544
4620 801.66369
4720 811.01879
4820 819.44056
4920 827.86312
5020 836.08728
5120 844.20945
5220 852.33177
5320 860.26432
5420 868.08633
5520 875.96512
5620 883.67192
5720 891.22962
5820 897.98452
5920 906.27646
6020 913.6267
6120 920.90665
6220 928.21243
6320 935.35356
6420 942.4168
6520 948.5986
6620 956.44867
6720 963.31591
6820 970.13299
6920 976.09545
7020 983.65145
7120 990.27556
7220 996.83867
7320 1002.5136
7420 1009.9073
7520 1016.3107
7620 1022.6515
7720 1028.9489
7820 1035.2946
7920 1041.4894
8020 1047.6352
8120 1053.7277
8220 1058.9646
8320 1065.883
8420 1071.8494
8520 1077.7635
8620 1083.6228
8720 1088.6584
8820 1095.3417
8920 1101.0873
9020 1106.782
9120 1112.4369
9220 1118.0507
9320 1123.5848
9420 1129.1585
9520 1134.6496
9620 1140.0974
9720 1145.5138

-------------------------------

The below data are obtained by using the b-CGC model (shown in Fig. 2 in arXiv:1402.4831).  

W_gamma-p[GeV], sigma [nb]  

20 29.022673
120 91.318004
220 130.46273
320 161.28821
420 187.43828
520 210.40165
620 231.09885
720 250.01301
820 267.54976
920 283.89108
1020 299.27072
1120 313.80698
1220 327.59001
1320 340.76045
1420 353.35479
1520 365.42937
1620 377.04804
1720 388.24778
1820 399.06722
1920 409.5223
2020 419.65649
2120 429.57965
2220 439.08839
2320 448.38828
2420 457.45346
2520 466.36726
2620 474.54321
2720 483.32029
2820 491.56679
2920 499.62219
3020 507.51427
3120 515.23179
3220 522.80129
3320 530.23363
3420 537.50098
3520 544.65225
3620 551.67902
3720 558.54743
3820 565.35836
3920 572.05499
4020 578.61441
4120 585.06127
4220 591.45754
4320 597.73783
4420 603.9292
4520 610.007
4620 616.0211
4720 621.16362
4820 627.76701
4920 633.53313
5020 639.20925
5120 644.83679
5220 650.37238
5320 655.83159
5420 661.25365
5520 666.59947
5620 671.87541
5720 677.09573
5820 682.17841
5920 687.46386
6020 692.38373
6120 697.43108
6220 702.34439
6320 707.20952
6420 712.10955
6520 716.8569
6620 721.59239
6720 726.2889
6820 730.93846
6920 735.60511
7020 740.10026
7120 744.68163
7220 749.0866
7320 753.53214
7420 757.91785
7520 762.31596
7620 766.59314
7720 770.89715
7820 775.14072
7920 779.31204
8020 783.43692
8120 787.62946
8220 791.73105
8320 795.77621
8420 799.83786
8520 803.85245
8620 807.81489
8720 811.73642
8820 815.67767
8920 819.56394
9020 823.45646
9120 827.25075
9220 831.05305
9320 834.84846
9420 838.56666
9520 842.26281
9620 845.97597
9720 849.61716
9820 853.27957
9920 856.90364

-------------------