
Predictions for J/psi photo-production, from N. Armesto and A. H. Rezaeian, arXiv:1402.4831. 
---------------------------
The below data are the CGC band in Fig.3. The band includes the results obtained by using two saturation models, IP-Sat and b-CGC, the band also includes the uncertainties coming from charm mass.  

W_gamma-p[GeV], sigma [nb]  

20 29.031725
120 108.75301
220 162.06003
320 205.1326
420 242.25979
520 275.01947
620 305.33875
720 332.97434
820 358.60639
920 382.84835
1020 405.78151
1120 427.49418
1220 448.3358
1320 467.98101
1420 486.9486
1520 505.29984
1620 522.82242
1720 539.85143
1820 556.34158
1920 572.33851
2020 587.87746
2120 602.98662
2220 617.71028
2320 631.36693
2420 645.97565
2520 659.65786
2620 673.0364
2720 686.01593
2820 698.83332
2920 710.66439
3020 723.60127
3120 735.66497
3220 747.42373
3320 759.05589
3420 770.3976
3520 781.63757
3620 792.59153
3720 803.4593
3820 814.06342
3920 824.62685
4020 834.90417
4120 844.31507
4220 855.12004
4320 864.95935
4420 874.76729
4520 884.34207
4620 893.03266
4720 903.21194
4820 912.41753
4920 921.60443
5020 930.60047
5120 939.43038
5220 948.3021
5320 956.97109
5420 965.48409
5520 974.09484
5620 982.49402
5720 990.73925
5820 998.14855
5920 1007.137
6020 1015.1443
6120 1023.0905
6220 1031.0264
6320 1038.8107
6420 1046.4996
6520 1053.2749
6620 1061.7774
6720 1069.2539
6820 1076.6572
6920 1083.1932
7020 1091.3861
7120 1098.5851
7220 1105.7125
7320 1111.9577
7420 1119.9358
7520 1126.8969
7620 1133.7994
7720 1140.6584
7820 1147.4666
7920 1154.2717
8020 1160.948
8120 1167.5611
8220 1173.2916
8320 1180.7812
8420 1187.2509
8520 1193.671
8620 1200.0404
8720 1205.5467
8820 1212.7828
8920 1219.0133
9020 1225.1957
9120 1231.3437
9220 1237.4386
9320 1243.4866
9420 1249.4905
9520 1255.4772
9620 1261.3684
9720 1267.2424
9720 849.61716
9620 845.97597
9520 842.26281
9420 838.56666
9320 834.84846
9220 831.05305
9120 827.25075
9020 823.45646
8920 819.56394
8820 815.67767
8720 811.73642
8620 807.81489
8520 803.85245
8420 799.83786
8320 795.77621
8220 791.73105
8120 787.62946
8020 783.43692
7920 779.31204
7820 775.14072
7720 770.89715
7620 766.59314
7520 762.31596
7420 757.91785
7320 753.53214
7220 749.0866
7120 744.68163
7020 740.10026
6920 735.60511
6820 730.93846
6720 726.2889
6620 721.59239
6520 716.8569
6420 712.10955
6320 707.20952
6220 702.34439
6120 697.43108
6020 692.38373
5920 687.46386
5820 682.17841
5720 677.09573
5620 671.87541
5520 666.59947
5420 661.25365
5320 655.83159
5220 650.37238
5120 644.83679
5020 639.20925
4920 633.53313
4820 627.76701
4720 621.16362
4620 616.0211
4520 610.007
4420 603.9292
4320 597.73783
4220 591.45754
4120 585.06127
4020 578.61441
3920 572.05499
3820 565.35836
3720 558.54743
3620 551.67902
3520 544.65225
3420 537.50098
3320 530.23363
3220 522.80129
3120 515.23179
3020 507.51427
2920 499.62219
2820 491.56679
2720 483.32029
2620 474.54321
2520 466.36726
2420 457.45346
2320 448.38828
2220 439.08839
2120 429.57965
2020 419.65649
1920 409.5223
1820 399.06722
1720 388.24778
1620 377.04804
1520 365.42937
1420 353.35479
1320 340.76045
1220 327.59001
1120 313.80698
1020 299.27072
920 283.89108
820 267.54976
720 250.01301
620 231.09885
520 210.40165
420 187.43828
320 161.28821
220 130.46273
120 91.318004
20 29.022673

-------------------