# Total coh and incoh xs using the setup used in Fig. 16 of https://arxiv.org/pdf/1806.06783.pdf
# to generate the "Fit W=75GeV J/Psi data" curve 
# Compared to Fig. 13 in that paper, no UV damping factor is included
# Reference: H. Mäntysaari, B. Schenke,  Phys.Rev.D 98 (2018) 3, 034013 • e-Print: 1806.06783 [hep-ph]
#W [GeV]  Coherent [nb]   Incoherent [nb]
74.978847457 63.5106692705 54.1263766889
82.3684332789 68.5606300898 58.2778816964
90.4863042169 76.134900344 62.8390184432
99.4042368525 83.538822044 67.8792427863
109.201081752 92.7192143338 74.6699510347
119.963460647 101.55456623 79.983298008
131.786532327 111.223690003 85.6654885912
144.774834012 122.163120053 92.1122787792
159.043205654 133.929532518 100.055596634
174.717805324 147.966367984 108.610920296
191.937224678 162.915035565 116.422067164
210.853714358 178.295387208 124.244454954
231.634530161 194.953378157 133.744834345
254.463411879 216.562383164 146.866957096
279.542207892 238.791903413 158.384381315
307.092659868 262.83473932 168.72781291
337.358363361 293.801401511 183.753352365
370.606921632 319.767655609 197.697631971
407.132311745 351.68520353 212.145353477
447.257483851 386.74233449 227.18137611
491.337216649 422.284530806 244.98155938
539.761254268 462.209244954 259.744165848
592.957752308 510.84732351 270.605953038
651.397063501 558.855514987 288.144744585
715.595896481 611.017004346 306.146986341
786.121884412 662.796501423 323.811283721
863.598603892 723.406296583 345.164576228
948.711088487 791.332218624 366.196657776
1042.21188566 863.616011529 388.564468547
1144.92771066 947.389641943 410.615436766
1257.76675613 1028.61522664 431.485612194
1381.72672222 1115.44215913 459.36903654
1517.90363802 1215.53904405 485.09849294
1667.5015524 1322.08977102 508.971571821
1831.84318004 1437.41483218 532.651756272
2012.38159655 1551.93790173 559.695063625
2210.71308627 1674.28033324 591.369976215
2428.59125635 1800.27372172 615.374964453
2667.94254173 1948.7376332 645.531541203
2930.88323833 2107.43131138 675.999514967
3219.73821487 2277.66431254 706.813205987
3885.65870896 2633.69635202 774.072681761
