# Incoherent/coherent cross section ratio
# Corresponds to "Fit W=75GeV J/Psi data" curve in Fig. 16 in https://arxiv.org/pdf/1806.06783.pdf
# Reference: H. Mäntysaari, B. Schenke,  Phys.Rev.D 98 (2018) 3, 034013 • e-Print: 1806.06783 [hep-ph]
# W [GeV]    Ratio               Statistical error
74.978847457 0.8522406913764141 0.07969842218994573
82.3684332789 0.850019634009433 0.07983492954794504
90.4863042169 0.8253641649127021 0.07756734808632051
99.4042368525 0.8125472819158851 0.07631491863792217
109.201081752 0.8053341647817525 0.07504952568227509
119.963460647 0.7875893815197044 0.07268471650141138
131.786532327 0.7702090138272921 0.07040377663851943
144.774834012 0.7540105290326762 0.06864526907265588
159.043205654 0.7470764270770066 0.06752983750174801
174.717805324 0.7340243717285448 0.06535976760872532
191.937224678 0.7146183086180069 0.06325691565594727
210.853714358 0.6968461545702961 0.05984852560948685
231.634530161 0.6860349669748339 0.058158692728220315
254.463411879 0.6781739051365753 0.05692128668945354
279.542207892 0.6632736665309193 0.05500235298326107
307.092659868 0.6419540025278107 0.052081911168672806
337.358363361 0.6254338863605123 0.050535374696760726
370.606921632 0.6182539994372038 0.04967657830320905
407.132311745 0.6032251324432556 0.047918738740532936
447.257483851 0.5874230872859079 0.046053393475797025
491.337216649 0.5801338706687272 0.045160981498507
539.761254268 0.5619622902050415 0.04310260750913695
592.957752308 0.5297198215272112 0.03955655561309652
651.397063501 0.5155979262221373 0.038073178415369814
715.595896481 0.5010449531901563 0.03651597847381525
786.121884412 0.4885530974077262 0.03503581584476137
863.598603892 0.47713792077632516 0.033839433318824656
948.711088487 0.4627596970751926 0.03239092848203007
1042.21188566 0.44992735586133736 0.03122648821399468
1144.92771066 0.4334176969929055 0.029405342543429525
1257.76675613 0.4194820385895585 0.027945059179095056
1381.72672222 0.41182685518811857 0.027149452831937974
1517.90363802 0.39908096355836825 0.02586169565853691
1667.5015524 0.3849750470632017 0.02454899239226681
1831.84318004 0.37056230696155434 0.02316375529087852
2012.38159655 0.36064269259823795 0.022214922898263694
2210.71308627 0.35320845886694247 0.021551372402288115
2428.59125635 0.3418230000408411 0.020511185211691582
2667.94254173 0.3312562605688566 0.019553765275978248
2930.88323833 0.32076941787649765 0.018692451899026838
3219.73821487 0.31032369524110837 0.017807477208749214
3885.65870896 0.29391113412386766 0.01634959718304686
